service_id,date,exception_type
51903,20250517,1
50903,20250517,1
51003,20250517,1
51103,20250517,1
51203,20250517,1
51303,20250517,1
51403,20250517,1
51503,20250517,1
51904,20250518,1
50904,20250518,1
51004,20250518,1
51104,20250518,1
51204,20250518,1
51304,20250518,1
51404,20250518,1
51905,20250523,1
50905,20250523,1
51005,20250523,1
51105,20250523,1
51205,20250523,1
51305,20250523,1
51405,20250523,1
51903,20250524,1
50903,20250524,1
51003,20250524,1
51103,20250524,1
51203,20250524,1
51303,20250524,1
51403,20250524,1
51503,20250524,1
51904,20250525,1
50904,20250525,1
51004,20250525,1
51104,20250525,1
51204,20250525,1
51304,20250525,1
51404,20250525,1
51934,20250526,1
50934,20250526,1
51034,20250526,1
51134,20250526,1
51234,20250526,1
51334,20250526,1
51434,20250526,1
34,20250526,1
5,20250526,2
51905,20250527,1
50905,20250527,1
51005,20250527,1
51105,20250527,1
51205,20250527,1
51305,20250527,1
51405,20250527,1
51905,20250528,1
50905,20250528,1
51005,20250528,1
51105,20250528,1
51205,20250528,1
51305,20250528,1
51405,20250528,1
51905,20250529,1
50905,20250529,1
51005,20250529,1
51105,20250529,1
51205,20250529,1
51305,20250529,1
51405,20250529,1
51905,20250530,1
50905,20250530,1
51005,20250530,1
51105,20250530,1
51205,20250530,1
51305,20250530,1
51405,20250530,1
51903,20250531,1
50903,20250531,1
51003,20250531,1
51103,20250531,1
51203,20250531,1
51303,20250531,1
51403,20250531,1
51503,20250531,1
51904,20250601,1
50904,20250601,1
51004,20250601,1
51104,20250601,1
51204,20250601,1
51304,20250601,1
51404,20250601,1
51905,20250602,1
50905,20250602,1
51005,20250602,1
51105,20250602,1
51205,20250602,1
51305,20250602,1
51405,20250602,1
51905,20250603,1
50905,20250603,1
51005,20250603,1
51105,20250603,1
51205,20250603,1
51305,20250603,1
51405,20250603,1
51905,20250604,1
50905,20250604,1
51005,20250604,1
51105,20250604,1
51205,20250604,1
51305,20250604,1
51405,20250604,1
51905,20250605,1
50905,20250605,1
51005,20250605,1
51105,20250605,1
51205,20250605,1
51305,20250605,1
51405,20250605,1
51905,20250606,1
50905,20250606,1
51005,20250606,1
51105,20250606,1
51205,20250606,1
51305,20250606,1
51405,20250606,1
51903,20250607,1
50903,20250607,1
51003,20250607,1
51103,20250607,1
51203,20250607,1
51303,20250607,1
51403,20250607,1
51503,20250607,1
51904,20250608,1
50904,20250608,1
51004,20250608,1
51104,20250608,1
51204,20250608,1
51304,20250608,1
51404,20250608,1
51905,20250609,1
50905,20250609,1
51005,20250609,1
51105,20250609,1
51205,20250609,1
51305,20250609,1
51405,20250609,1
51905,20250610,1
50905,20250610,1
51005,20250610,1
51105,20250610,1
51205,20250610,1
51305,20250610,1
51405,20250610,1
51905,20250611,1
50905,20250611,1
51005,20250611,1
51105,20250611,1
51205,20250611,1
51305,20250611,1
51405,20250611,1
51905,20250612,1
50905,20250612,1
51005,20250612,1
51105,20250612,1
51205,20250612,1
51305,20250612,1
51405,20250612,1
51905,20250613,1
50905,20250613,1
51005,20250613,1
51105,20250613,1
51205,20250613,1
51305,20250613,1
51405,20250613,1
51903,20250614,1
50903,20250614,1
51003,20250614,1
51103,20250614,1
51203,20250614,1
51303,20250614,1
51403,20250614,1
51503,20250614,1
51904,20250615,1
50904,20250615,1
51004,20250615,1
51104,20250615,1
51204,20250615,1
51304,20250615,1
51404,20250615,1
51905,20250616,1
50905,20250616,1
51005,20250616,1
51105,20250616,1
51205,20250616,1
51305,20250616,1
51405,20250616,1
51905,20250617,1
50905,20250617,1
51005,20250617,1
51105,20250617,1
51205,20250617,1
51305,20250617,1
51405,20250617,1
51905,20250618,1
50905,20250618,1
51005,20250618,1
51105,20250618,1
51205,20250618,1
51305,20250618,1
51405,20250618,1
51940,20250619,1
50940,20250619,1
51040,20250619,1
51140,20250619,1
51240,20250619,1
51340,20250619,1
51440,20250619,1
40,20250619,1
5,20250619,2
51905,20250620,1
50905,20250620,1
51005,20250620,1
51105,20250620,1
51205,20250620,1
51305,20250620,1
51405,20250620,1
51903,20250621,1
50903,20250621,1
51003,20250621,1
51103,20250621,1
51203,20250621,1
51303,20250621,1
51403,20250621,1
51503,20250621,1
51904,20250622,1
50904,20250622,1
51004,20250622,1
51104,20250622,1
51204,20250622,1
51304,20250622,1
51404,20250622,1
51905,20250623,1
50905,20250623,1
51005,20250623,1
51105,20250623,1
51205,20250623,1
51305,20250623,1
51405,20250623,1
51905,20250624,1
50905,20250624,1
51005,20250624,1
51105,20250624,1
51205,20250624,1
51305,20250624,1
51405,20250624,1
51905,20250625,1
50905,20250625,1
51005,20250625,1
51105,20250625,1
51205,20250625,1
51305,20250625,1
51405,20250625,1
51905,20250626,1
50905,20250626,1
51005,20250626,1
51105,20250626,1
51205,20250626,1
51305,20250626,1
51405,20250626,1
51905,20250627,1
50905,20250627,1
51005,20250627,1
51105,20250627,1
51205,20250627,1
51305,20250627,1
51405,20250627,1
51903,20250628,1
50903,20250628,1
51003,20250628,1
51103,20250628,1
51203,20250628,1
51303,20250628,1
51403,20250628,1
51503,20250628,1
51904,20250629,1
50904,20250629,1
51004,20250629,1
51104,20250629,1
51204,20250629,1
51304,20250629,1
51404,20250629,1
51905,20250630,1
50905,20250630,1
51005,20250630,1
51105,20250630,1
51205,20250630,1
51305,20250630,1
51405,20250630,1
51905,20250701,1
50905,20250701,1
51005,20250701,1
51105,20250701,1
51205,20250701,1
51305,20250701,1
51405,20250701,1
51905,20250702,1
50905,20250702,1
51005,20250702,1
51105,20250702,1
51205,20250702,1
51305,20250702,1
51405,20250702,1
51905,20250703,1
50905,20250703,1
51005,20250703,1
51105,20250703,1
51205,20250703,1
51305,20250703,1
51405,20250703,1
51929,20250704,1
50929,20250704,1
51029,20250704,1
51129,20250704,1
51229,20250704,1
51329,20250704,1
51429,20250704,1
51529,20250704,1
29,20250704,1
5,20250704,2
51903,20250705,1
50903,20250705,1
51003,20250705,1
51103,20250705,1
51203,20250705,1
51303,20250705,1
51403,20250705,1
51503,20250705,1
51904,20250706,1
50904,20250706,1
51004,20250706,1
51104,20250706,1
51204,20250706,1
51304,20250706,1
51404,20250706,1
51504,20250706,1
51905,20250707,1
50905,20250707,1
51005,20250707,1
51105,20250707,1
51205,20250707,1
51305,20250707,1
51405,20250707,1
51905,20250708,1
50905,20250708,1
51005,20250708,1
51105,20250708,1
51205,20250708,1
51305,20250708,1
51405,20250708,1
51905,20250709,1
50905,20250709,1
51005,20250709,1
51105,20250709,1
51205,20250709,1
51305,20250709,1
51405,20250709,1
51905,20250710,1
50905,20250710,1
51005,20250710,1
51105,20250710,1
51205,20250710,1
51305,20250710,1
51405,20250710,1
51905,20250711,1
50905,20250711,1
51005,20250711,1
51105,20250711,1
51205,20250711,1
51305,20250711,1
51405,20250711,1
51903,20250712,1
50903,20250712,1
51003,20250712,1
51103,20250712,1
51203,20250712,1
51303,20250712,1
51403,20250712,1
51503,20250712,1
51904,20250713,1
50904,20250713,1
51004,20250713,1
51104,20250713,1
51204,20250713,1
51304,20250713,1
51404,20250713,1
51905,20250714,1
50905,20250714,1
51005,20250714,1
51105,20250714,1
51205,20250714,1
51305,20250714,1
51405,20250714,1
51905,20250715,1
50905,20250715,1
51005,20250715,1
51105,20250715,1
51205,20250715,1
51305,20250715,1
51405,20250715,1
51905,20250716,1
50905,20250716,1
51005,20250716,1
51105,20250716,1
51205,20250716,1
51305,20250716,1
51405,20250716,1
51905,20250717,1
50905,20250717,1
51005,20250717,1
51105,20250717,1
51205,20250717,1
51305,20250717,1
51405,20250717,1
51905,20250718,1
50905,20250718,1
51005,20250718,1
51105,20250718,1
51205,20250718,1
51305,20250718,1
51405,20250718,1
51903,20250719,1
50903,20250719,1
51003,20250719,1
51103,20250719,1
51203,20250719,1
51303,20250719,1
51403,20250719,1
51503,20250719,1
51904,20250720,1
50904,20250720,1
51004,20250720,1
51104,20250720,1
51204,20250720,1
51304,20250720,1
51404,20250720,1
51905,20250721,1
50905,20250721,1
51005,20250721,1
51105,20250721,1
51205,20250721,1
51305,20250721,1
51405,20250721,1
51905,20250722,1
50905,20250722,1
51005,20250722,1
51105,20250722,1
51205,20250722,1
51305,20250722,1
51405,20250722,1
51905,20250723,1
50905,20250723,1
51005,20250723,1
51105,20250723,1
51205,20250723,1
51305,20250723,1
51405,20250723,1
51905,20250724,1
50905,20250724,1
51005,20250724,1
51105,20250724,1
51205,20250724,1
51305,20250724,1
51405,20250724,1
51905,20250725,1
50905,20250725,1
51005,20250725,1
51105,20250725,1
51205,20250725,1
51305,20250725,1
51405,20250725,1
51903,20250726,1
50903,20250726,1
51003,20250726,1
51103,20250726,1
51203,20250726,1
51303,20250726,1
51403,20250726,1
51503,20250726,1
51904,20250727,1
50904,20250727,1
51004,20250727,1
51104,20250727,1
51204,20250727,1
51304,20250727,1
51404,20250727,1
51905,20250728,1
50905,20250728,1
51005,20250728,1
51105,20250728,1
51205,20250728,1
51305,20250728,1
51405,20250728,1
51905,20250729,1
50905,20250729,1
51005,20250729,1
51105,20250729,1
51205,20250729,1
51305,20250729,1
51405,20250729,1
51903,20250802,1
50903,20250802,1
51003,20250802,1
51103,20250802,1
51203,20250802,1
51303,20250802,1
51403,20250802,1
51904,20250803,1
50904,20250803,1
51004,20250803,1
51104,20250803,1
51204,20250803,1
51304,20250803,1
51903,20250809,1
50903,20250809,1
51003,20250809,1
51103,20250809,1
51203,20250809,1
51303,20250809,1
51403,20250809,1
51904,20250810,1
50904,20250810,1
51004,20250810,1
51104,20250810,1
51204,20250810,1
51304,20250810,1
51903,20250816,1
50903,20250816,1
51003,20250816,1
51103,20250816,1
51203,20250816,1
51303,20250816,1
51403,20250816,1
51904,20250817,1
50904,20250817,1
51004,20250817,1
51104,20250817,1
51204,20250817,1
51304,20250817,1
